3.24
3.24005771295
3.2401730088
3.2403454637
3.24057436067
3.24085869076
3.24119715493
3.24158816672
3.24202985567
3.24252007167
3.24305639043
3.24363612003
3.24425630876
3.24491375441
3.245605015
3.24632642127
3.24707409077
3.24784394386
3.24863172153
3.24943300519
3.2502432383
3.25105774994
3.25187178024
3.25268050746
3.25347907674
3.25426263023
3.25502633849
3.25576543279
3.25647523815
3.25715120675
3.25778895132
3.25838427833
3.25893322035
3.25943206745
3.25987739708
3.26026610213
3.26059541679
3.26086293987
3.26106665524
3.26120494912
3.261276624
3.26128090894
3.26121746614
3.26108639367
3.26088822433
3.26062392062
3.26029486597
3.25990285221
3.25945006367
3.25893905788
3.25837274341
3.2577543549
3.25708742578
3.25637575899
3.25562339609
3.25483458507
3.2540137474
3.25316544456
3.2522943444
3.25140518795
3.25050275657
3.24959184015
3.24867720642
3.24776357156
3.24685557251
3.2459577409
3.24507447889
3.2442100369
3.24336849337
3.24255373643
3.24176944758
3.24101908728
3.24030588236
3.23963281517
3.23900261445
3.23841774761
3.23788041449
3.23739254236
3.23695578206
3.23657150515
3.23624080203
3.23596448075
3.23574306668
3.2355768027
3.23546565005
3.23540928974
3.23540712451
3.23545828125
3.23556161417
3.23571570837
3.23591888428
3.23616920275
3.23646447092
3.23680224917
3.23717985898
3.23759439193
3.23804272003
3.23852150726
3.23902722266
3.23955615482
3.24010442799
3.2406680198
3.24124278058
3.2418244543
3.24240870106
3.24299112114
3.24356728038
3.24413273682
3.24468306852
3.24521390215
3.24572094226
3.24620000098
3.2466470278
3.24705813906
3.24742964703
3.24775808805
3.24804024945
3.24827319493
3.24845428816
3.24858121401
3.2486519975
3.24866501986
3.2486190317
3.24851316303
3.24834692988
3.24812023762
3.24783338075
3.24748703926
3.24708227152
3.24662050393
3.2461035173
3.24553343029
3.24491268013
3.24424400071
3.24353039863
3.24277512723
3.24198165916
3.24115365767
3.24029494713
3.23940948298
3.23850132156
3.23757459005
3.23663345698
3.23568210337
3.23472469494
3.2337653556
3.23280814224
3.23185702125
3.23091584658
3.22998833971
3.22907807143
3.22818844546
3.22732268395
3.22648381477
3.22567466062
3.2248978298
3.22415570854
3.22345045487
3.22278399384
3.22215801401
3.22157396502
3.22103305626
3.22053625638
3.22008429358
3.21967765668
3.21931659673
3.21900112923
3.21873103677
3.21850587225
3.21832496238
3.21818741179
3.21809210744
3.2180377236
3.21802272726
3.21804538416
3.21810376542
3.21819575484
3.21831905697
3.21847120599
3.21864957551
3.21885138932
3.21907373314
3.21931356748
3.21956774156
3.21983300839
3.22010604091
3.2203834493
3.22066179925
3.22093763131
3.22120748104
3.22146789995
3.22171547711
3.22194686117
3.22215878263
3.22234807624
3.22251170315
3.22264677275
3.22275056379
3.22282054463
3.22285439234
3.22285001042
3.22280554486
3.22271939841
3.22259024272
3.22241702834
3.22219899229
3.22193566316
3.22162686367
3.22127271054
3.22087361184
3.22043026163
3.21994363217
3.21941496368
3.21884575175
3.21823773277
3.21759286729
3.21691332182
3.21620144906
3.21545976704
3.21469093724
3.2138977421
3.21308306211
3.21224985279
3.21140112179
3.21053990635
3.20966925137
3.20879218826
3.20791171477
3.20703077594
3.20615224631
3.2052789135
3.20441346324
3.20355846579
3.20271636402
3.20188946286
3.2010799203
3.20028973985
3.19952076437
3.19877467116
3.19805296846
3.19735699289
3.19668790812
3.19604670438
3.19543419889
3.1948510371
3.19429769445
3.1937744789
3.19328153386
3.19281884161
3.19238622706
3.19198336191
3.19160976905
3.19126482729
3.19094777625
3.19065772162
3.19039364059
3.19015438754
3.18993870007
3.18974520524
3.18957242626
3.18941878941
3.18928263142
3.18916220729
3.18905569846
3.18896122155
3.18887683747
3.18880056112
3.18873037143
3.18866422202
3.18860005217
3.1885357982
3.18846940529
3.18839883944
3.18832209973
3.18823723061
3.18814233429
3.18803558293
3.18791523064
3.18777962515
3.18762721896
3.18745657991
3.18726640096
3.18705550914
3.18682287348
3.18656761187
3.18628899663
3.18598645889
3.18565959154
3.18530815077
3.18493205622
3.18453138955
3.18410639167
3.18365745852
3.1831851354
3.1826901101
3.18217320475
3.18163536657
3.18107765765
3.18050124381
3.17990738288
3.17929741223
3.17867273606
3.17803481235
3.17738513971
3.17672524433
3.17605666711
3.17538095112
3.17469962951
3.17401421406
3.17332618432
3.17263697762
3.17194797978
3.17126051685
3.17057584767
3.16989515746
3.16921955235
3.16855005485
3.16788760028
3.16723303419
3.16658711054
3.16595049085
3.16532374406
3.16470734718
3.16410168658
3.16350705996
3.16292367881
3.16235167141
3.16179108626
3.16124189588
3.16070400095
3.16017723468
3.15966136745
3.15915611158
3.15866112627
3.15817602262
3.1577003687
3.15723369467
3.1567754979
3.15632524808
3.15588239227
3.15544635992
3.15501656774
3.15459242461
3.15417333624
3.15375870974
3.15334795813
3.15294050455
3.15253578641
3.15213325926
3.15173240047
3.15133271271
3.15093372709
3.1505350061
3.15013614618
3.14973678004
3.14933657854
3.14893525233
3.14853255296
3.14812827374
3.14772225009
3.14731435951
3.1469045211
3.1464926947
3.14607887954
3.14566311253
3.14524546611
3.14482604576
3.14440498707
3.14398245254
3.14355862809
3.14313371925
3.14270794718
3.14228154448
3.14185475089
3.14142780895
3.14100095955
3.14057443756
3.14014846756
3.13972325962
3.13929900537
3.13887587413
3.13845400945
3.13803352589
3.13761450612
3.13719699835
3.13678101427
3.13636652725
3.13595347101
3.13554173874
3.1351311826
3.13472161369
3.13431280238
3.13390447911
3.13349633556
3.13308802619
3.13267917015
3.13226935359
3.13185813219
3.1314450341
3.1310295631
3.13061120205
3.13018941659
3.129763659
3.12933337236
3.12889799485
3.12845696415
3.12800972212
3.1275557195
3.12709442075
3.12662530903
3.1261478912
3.12566170287
3.12516631353
3.12466133166
3.1241464098
3.12362124958
3.12308560671
3.12253929578
3.12198219495
3.12141425042
3.12083548063
3.12024598016
3.11964592334
3.11903556731
3.11841525473
3.11778541588
3.11714657019
3.11649932715
3.11584438639
3.11518253716
3.11451465683
3.11384170862
3.11316473842
3.11248487067
3.11180330329
3.11112130166
3.1104401917
3.10976135198
3.10908620496
3.10841620744
3.10775284015
3.10709759675
3.10645197219
3.10581745056
3.10519549264
3.10458752317
3.10399491805
3.10341899157
3.10286098387
3.10232204878
3.10180324207
3.10130551053
3.10082968164
3.1003764544
3.099946391
3.09953990981
3.09915727953
3.09879861474
3.09846387271
3.09815285177
3.09786519098
3.09760037128
3.09735771804
3.09713640487
3.09693545884
3.09675376677
3.09659008271
3.09644303638
3.09631114252
3.09619281093
3.09608635726
3.09599001419
3.09590194306
3.09582024572
3.09574297653
3.09566815439
3.09559377469
3.09551782107
3.09543827698
3.09535313688
3.09526041712
3.09515816639
3.09504447571
3.09491748803
3.0947754073
3.09461650714
3.09443913901
3.09424174002
3.09402284026
3.09378106981
3.09351516538
3.09322397663
3.09290647218
3.09256174536
3.09218901972
3.09178765427
3.09135714849
3.09089714709
3.09040744451
3.08988798914
3.08933888719
3.08876040623
3.08815297826
3.08751720233
3.08685384657
3.08616384954
3.08544832089
3.08470854117
3.08394596066
3.08316219727
3.08235903319
3.08153841045
3.08070242511
3.07985332009
3.07899347665
3.07812540424
3.07725172906
3.07637518099
3.07549857905
3.07462481551
3.07375683855
3.0728976337
3.07205020411
3.07121754984
3.07040264633
3.06960842219
3.06883773668
3.06809335688
3.06737793508
3.06669398636
3.06604386689
3.06542975302
3.06485362153
3.06431723127
3.06382210641
3.06336952159
3.06296048902
3.06259574795
3.06227575636
3.06200068525
3.06177041542
3.06158453683
3.0614423506
3.06134287352
3.06128484507
3.06126673675
3.06128676374
3.06134289849
3.06143288631
3.06155426252
3.06170437108
3.06188038435
3.06207932383
3.06229808159
3.06253344212
3.06278210442
3.06304070405
3.06330583495
3.06357407091
3.06384198636
3.06410617652
3.06436327665
3.06460998038
3.06484305698
3.06505936762
3.06525588045
3.06542968467
3.06557800345
3.0656982058
3.06578781744
3.0658445307
3.06586621356
3.06585091778
3.06579688636
3.06570256031
3.06556658469
3.06538781426
3.06516531845
3.064898386
3.06458652905
3.06422948687
3.06382722913
3.06337995871
3.06288811401
3.0623523708
3.06177364337
3.06115308506
3.06049208799
3.05979228195
3.05905553222
3.05828393638
3.05747981985
3.05664573004
3.05578442912
3.05489888517
3.05399226168
3.05306790531
3.05212933182
3.05118021017
3.05022434479
3.04926565595
3.04830815839
3.04735593822
3.04641312818
3.04548388154
3.04457234463
3.04368262841
3.04281877918
3.04198474879
3.04118436462
3.04042129968
3.03969904309
3.03902087139
3.03838982098
3.03780866199
3.03727987399
3.03680562387
3.03638774606
3.03602772555
3.03572668376
3.03548536759
3.03530414173
3.03518298434
3.03512148623
3.0351188534
3.03517391307
3.03528512296
3.03545058377
3.03566805468
3.03593497155
3.03624846771
3.03660539692
3.03700235832
3.03743572291
3.03790166133
3.03839617261
3.03891511343
3.0394542277
3.04000917615
3.04057556549
3.04114897704
3.04172499454
3.04229923083
3.04286735345
3.04342510874
3.04396834454
3.04449303135
3.04499528185
3.04547136885
3.04591774161
3.04633104064
3.04670811094
3.04704601386
3.04734203759
3.04759370639
3.04779878872
3.04795530426
3.04806153008
3.04811600588
3.04811753852
3.04806520585
3.04795835995
3.04779662974
3.04757992307
3.04730842829
3.04698261523
3.0466032356
3.04617132279
3.04568819089
3.04515543304
3.04457491876
3.04394879038
3.04327945831
3.04256959505
3.04182212789
3.04104023001
3.04022731005
3.03938699992
3.03852314074
3.03763976695
3.03674108844
3.03583147065
3.03491541276
3.03399752393
3.03308249761
3.03217508419
3.03128006199
3.0304022068
3.02954626034
3.02871689761
3.02791869382
3.02715609079
3.02643336353
3.02575458713
3.02512360452
3.02454399524
3.02401904594
3.02355172268
3.02314464556
3.02280006598
3.02251984684
3.02230544596
3.02215790293
3.02207782962
3.02206540443
3.02212037041
3.02224203725
3.0224292871
3.02268058417
3.02299398795
3.02336716986
3.02379743304
3.02428173516
3.02481671376
3.02539871386
3.02602381751
3.02668787484
3.02738653627
3.02811528548
3.02886947273
3.02964434831
3.03043509553
3.03123686322
3.03204479722
3.03285407077
3.03365991346
3.03445763862
3.03524266908
3.03601056099
3.0367570259
3.03747795081
3.03816941642
3.0388277134
3.0394493569
3.04003109931
3.04056994135
3.04106314162
3.04150822476
3.04190298825
3.04224550811
3.04253414347
3.04276754024
3.04294463392
3.04306465168
3.04312711372
3.04313183403
3.04307892057
3.04296877485
3.04280209095
3.04257985393
3.04230333757
3.04197410146
3.0415939872
3.04116511382
3.04068987213
3.04017091797
3.03961116431
3.0390137719
3.03838213851
3.03771988663
3.03703084942
3.03631905502
3.03558870889
3.03484417451
3.03408995199
3.03333065506
3.03257098611
3.03181570963
3.03106962406
3.03033753226
3.02962421076
3.02893437804
3.0282726622
3.02764356811
3.02705144467
3.02650045223
3.02599453068
3.02553736865
3.02513237405
3.02478264637
3.02449095117
3.02425969701
3.0240909152
3.02398624257
3.02394690764
3.02397372022
3.02406706475
3.02422689734
3.02445274667
3.0247437187
3.02509850505
3.02551539506
3.02599229129
3.02652672823
3.02711589398
3.02775665462
3.02844558094
3.02917897712
3.02995291109
3.03076324606
3.03160567299
3.03247574351
3.03336890295
3.03428052315
3.03520593473
3.03614045847
3.03707943558
3.03801825666
3.03895238903
3.0398774024
3.04078899272
3.04168300405
3.04255544857
3.0434025245
3.04422063217
3.04500638809
3.04575663723
3.04646846354
3.04713919879
3.04776642988
3.04834800482
3.04888203729
3.04936691019
3.04980127804
3.05018406854
3.05051448331
3.05079199785
3.05101636093
3.05118759335
3.05130598617
3.05137209837
3.05138675407
3.05135103917
3.05126629736
3.05113412561
3.0509563689
3.05073511424
3.05047268379
3.05017162706
3.0498347121
3.04946491548
3.04906541116
3.04863955793
3.04819088551
3.04772307926
3.04723996334
3.04674548238
3.04624368167
3.04573868591
3.04523467653
3.04473586775
3.04424648138
3.04377072078
3.04331274376
3.04287663509
3.04246637852
3.04208582871
3.04173868341
3.0414284561
3.04115844946
3.04093172991
3.04075110368
3.04061909458
3.04053792384
3.04050949222
3.04053536482
3.04061675852
3.0407545325
3.04094918187
3.04120083447
3.04150925094
3.04187382811
3.04229360559
3.04276727547
3.04329319509
3.04386940258
3.04449363511
3.04516334939
3.04587574436
3.04662778562
3.04741623138
3.04823765955
3.04908849556
3.04996504085
3.05086350131
3.05178001573
3.05271068372
3.05365159298
3.05459884556
3.05554858296
3.05649700992
3.05744041667
3.05837519952
3.05929787983
3.06020512113
3.0610937445
3.06196074214
3.06280328924
3.06361875409
3.06440470658
3.06515892517
3.06587940243
3.06656434926
3.0672121978
3.06782160339
3.06839144544
3.06892082743
3.06940907617
3.06985574041
3.07026058872
3.07062360705
3.07094499563
3.07122516551
3.07146473477
3.0716645242
3.07182555273
3.07194903231
3.07203636246
3.07208912432
3.0721090741
3.07209813609
3.07205839487
3.07199208698
3.07190159169
3.07178942104
3.07165820903
3.07151069979
3.07134973498
3.07117824006
3.07099920977
3.07081569258
3.0706307743
3.07044756078
3.07026916002
3.07009866346
3.06993912684
3.06979355072
3.06966486069
3.06955588767
3.06946934828
3.06940782569
3.06937375094
3.06936938521
3.06939680304
3.06945787679
3.06955426263
3.06968738815
3.06985844169
3.07006836386
3.07031784094
3.07060730065
3.07093691015
3.07130657633
3.07171594844
3.07216442306
3.07265115125
3.07317504784
3.07373480279
3.07432889437
3.07495560403
3.07561303277
3.07629911879
3.07701165619
3.07774831443
3.07850665845
3.07928416899
3.08007826314
3.08088631465
3.08170567391
3.08253368741
3.08336771644
3.08420515489
3.08504344607
3.08588009827
3.08671269922
3.08753892914
3.08835657251
3.08916352838
3.08995781942
3.09073759953
3.09150116016
3.09224693536
3.09297350563
3.09367960061
3.09436410076
3.09502603803
3.09566459571
3.09627910736
3.09686905523
3.09743406789
3.0979739174
3.09848851601
3.09897791244
3.09944228785
3.09988195143
3.10029733588
3.1006889925
3.10105758624
3.10140389043
3.10172878141
3.10203323295
3.10231831051
3.10258516526
3.10283502789
3.10306920229
3.10328905882
3.10349602747
3.10369159064
3.10387727572
3.1040546473
3.10422529914
3.10439084585
3.10455291428
3.10471313467
3.10487313163
3.1050345149
3.10519887001
3.10536774891
3.10554266058
3.10572506175
3.10591634779
3.1061178439
3.1063307966
3.10655636572
3.10679561695
3.10704951498
3.10731891746
3.10760456969
3.10790710031
3.10822701786
3.10856470841
3.10892043429
3.10929433383
3.10968642227
3.1100965938
3.11052462461
3.11097017709
3.11143280496
3.1119119594
3.11240699605
3.11291718276
3.11344170802
3.11397969003
3.11453018615
3.11509220275
3.11566470523
3.11624662817
3.11683688547
3.11743438031
3.11803801492
3.11864669992
3.11925936332
3.11987495888
3.12049247398
3.12111093672
3.12172942241
3.12234705925
3.12296303323
3.12357659228
3.1241870496
3.12479378619
3.12539625268
3.12599397027
3.12658653112
3.12717359794
3.12775490297
3.12833024636
3.12889949405
3.12946257504
3.13001947836
3.13057024948
3.13111498651
3.131653836
3.13218698852
3.13271467408
3.13323715729
3.13375473246
3.13426771864
3.13477645452
3.13528129342
3.13578259826
3.13628073656
3.1367760756
3.13726897763
3.13775979527
3.13824886711
3.13873651346
3.1392230324
3.13970869606
3.14019374721
3.14067839622
3.14116281828
3.14164715109
3.14213149295
3.14261590119
3.14310039118
3.1435849357
3.14406946491
3.14455386667
3.14503798753
3.14552163409
3.14600457494
3.14648654308
3.14696723882
3.14744633313
3.14792347139
3.14839827763
3.14887035904
3.14933931081
3.14980472125
3.15026617709
3.15072326896
3.15117559689
3.15162277587
3.15206444139
3.15250025473
3.15292990827
3.15335313034
3.15376968996
3.15417940107
3.15458212642
3.15497778104
3.15536633511
3.15574781646
3.15612231234
3.15648997084
3.15685100155
3.15720567581
3.15755432629
3.15789734611
3.15823518733
3.1585683591
3.15889742518
3.1592230011
3.15954575094
3.15986638373
3.16018564946
3.16050433494
3.1608232593
3.16114326932
3.16146523461
3.1617900426
3.16211859345
3.16245179486
3.1627905568
3.16313578623
3.16348838172
3.16384922812
3.16421919114
3.16459911202
3.16498980213
3.16539203758
3.16580655388
3.16623404058
3.16667513595
3.16713042172
3.16760041781
3.16808557712
3.16858628051
3.16910283172
3.16963545255
3.17018427816
3.17074935257
3.17133062445
3.1719279432
3.17254105539
3.17316960163
3.17381311394
3.1744710137
3.17514261018
3.17582709985
3.1765235664
3.17723098161
3.17794820722
3.17867399765
3.17940700381
3.18014577794
3.1808887796
3.18163438267
3.18238088359
3.18312651061
3.18386943413
3.18460777807
3.18533963226
3.18606306558
3.18677613999
3.18747692513
3.1881635135
3.18883403597
3.18948667746
3.19011969275
3.19073142203
3.19132030614
3.19188490136
3.19242389334
3.19293611029
3.19342053501
3.19387631576
3.19430277568
3.19469942086
3.19506594667
3.1954022425
3.1957083948
3.19598468823
3.19623160518
3.19644982345
3.19664021225
3.19680382658
3.1969419
3.19705583601
3.19714719809
3.19721769859
3.19726918651
3.19730363451
3.19732312514
3.19732983655
3.19732602784
3.19731402413
3.19729620156
3.19727497244
3.19725277043
3.19723203614
3.19721520308
3.19720468412
3.19720285839
3.19721205891
3.19723456075
3.19727256988
3.19732821259
3.19740352569
3.19750044719
3.19762080762
3.197766322
3.19793858218
3.19813904979
3.19836904955
3.19862976306
3.19892222288
3.19924730701
3.19960573366
3.19999805634
3.20042465923
3.20088575288
3.20138137023
3.20191136302
3.20247539856
3.20307295701
3.20370332914
3.2043656148
3.20505872195
3.2057813666
3.20653207359
3.20730917839
3.20811082995
3.20893499486
3.20977946271
3.2106418529
3.2115196229
3.21241007809
3.21331038308
3.2142175748
3.21512857706
3.21604021677
3.21694924176
3.21785233998
3.21874616012
3.2196273335
3.22049249697
3.22133831676
3.22216151296
3.22295888446
3.22372733408
3.22446389353
3.22516574813
3.22583026069
3.22645499455
3.22703773527
3.22757651086
3.22806961017
3.22851559916
3.22891333503
3.22926197777
3.22956099914
3.22981018889
3.23000965819
3.23015984012
3.23026148737
3.23031566706
3.23032375288
3.23028741453
3.23020860477
3.23008954413
3.22993270365
3.22974078564
3.22951670305
3.22926355739
3.22898461574
3.22868328689
3.22836309712
3.22802766568
3.22768068036
3.22732587328
3.22696699718
3.22660780243
3.2262520148
3.22590331423
3.22556531474
3.2252415454
3.22493543262
3.22465028367
3.2243892714
3.22415542028
3.22395159363
3.22378048201
3.2236445927
3.22354624023
3.22348753784
3.22347038983
3.22349648472
3.22356728904
3.22368404188
3.22384774992
3.22405918305
3.22431887048
3.22462709731
3.22498390157
3.22538907172
3.22584214475
3.22634240471
3.22688888195
3.22748035302
3.22811534137
3.22879211895
3.22950870879
3.23026288874
3.23105219645
3.2318739357
3.23272518428
3.2336028034
3.23450344891
3.23542358419
3.23635949502
3.23730730625
3.23826300046
3.23922243849
3.24018138182
3.24113551677
3.2420804803
3.24301188735
3.24392535954
3.24481655487
3.24568119836
3.24651511319
3.2473142521
3.24807472868
3.24879284828
3.24946513804
3.25008837584
3.25065961763
3.25117622295
3.25163587826
3.25203661762
3.25237684071
3.25265532768
3.25287125079
3.25302418262
3.25311410069
3.25314138857
3.25310683325
3.25301161909
3.25285731812
3.25264587717
3.25237960172
3.25206113691
3.25169344586
3.25127978562
3.25082368117
3.25032889756
3.2497994109
3.24923937821
3.24865310667
3.24804502263
3.24741964054
3.24678153235
3.24613529741
3.24548553332
3.24483680786
3.24419363218
3.2435604355
3.24294154129
3.24234114516
3.24176329441
3.24121186931
3.24069056608
3.24020288158
3.23975209953
3.23934127834
3.23897324038
3.23865056254
3.2383755681
3.23815031963
3.23797661301
3.2378559723
3.23778964542
3.23777860057
3.23782352336
3.2379248145
3.23808258804
3.23829667025
3.23856659902
3.23889162383
3.23927070637
3.2397025219
3.24018546128
3.24071763402
3.24129687215
3.24192073531
3.24258651703
3.2432912523
3.24403172671
3.24480448714
3.24560585413
3.24643193614
3.2472786456
3.24814171695
3.24901672668
3.24989911526
3.25078421107
3.25166725617
3.25254343385
3.25340789775
3.25425580246
3.25508233529
3.25588274901
3.25665239524
3.2573867582
3.25808148839
3.25873243597
3.25933568336
3.25988757662
3.26038475545
3.26082418112
3.26120316223
3.26151937779
3.26177089737
3.26195619807
3.26207417795
3.26212416591
3.26210592768
3.26201966803
3.26186602899
3.26164608424
3.26136132967
3.2610136703
3.26060540372
3.26013920023
3.25961808013
3.25904538821
3.25842476606
3.25776012233
3.25705560147
3.25631555131
3.25554448973
3.25474707109
3.25392805244
3.25309226013
3.25224455704
3.25138981063
3.25053286231
3.24967849806
3.24883142075
3.24799622412
3.24717736862
3.2463791592
3.24560572499
3.24486100095
3.2441487115
3.24347235596
3.24283519577
3.2422402435
3.24169025336
3.24118771322
3.24073483797
3.24033356411
3.2399855454
3.23969214954
3.2394544557
3.23927325279
3.2391490385
3.23908201889
3.23907210869
3.23911893204
3.23922182388
3.23937983193
3.23959171926
3.23985596752
3.240170781
3.24053409148
3.24094356397
3.2413966036
3.2418903636
3.24242175457
3.24298745511
3.24358392403
3.24420741403
3.24485398713
3.24551953181
3.24619978192
3.24689033735
3.24758668649
3.24828423043
3.24897830868
3.24966422655
3.25033728378
3.25099280436
3.2516261673
3.25223283804
3.25280840029
3.25334858793
3.25384931664
3.25430671486
3.25471715391
3.25507727663
3.25538402439
3.25563466202
3.2558268004
3.25595841626
3.25602786916
3.25603391508
3.25597571676
3.25585285042
3.25566530879
3.25541350048
3.25509824566
3.25472076803
3.25428268334
3.25378598449
3.25323302348
3.25262649044
3.25196939009
3.25126501578
3.2505169217
3.24972889337
3.24890491696
3.24804914774
3.24716587799
3.24625950484
3.2453344983
3.24439536977
3.24344664143
3.24249281672
3.24153835209
3.24058763031
3.23964493546
3.23871442966
3.23780013173
3.2369058978
3.23603540377
3.23519212984
3.23437934682
3.23360010433
3.23285722069
3.23215327454
3.23149059788
3.23087127058
3.23029711615
3.22976969868
3.2292903208
3.22886002251
3.22847958092
3.22814951065
3.22787006483
3.22764123674
3.22746276197
3.22733412106
3.22725454264
3.22722300706
3.22723825058
3.22729877012
3.22740282856
3.22754846083
3.22773348071
3.22795548846
3.22821187945
3.22849985375
3.22881642684
3.22915844151
3.22952258106
3.22990538371
3.23030325844
3.23071250214
3.23112931816
3.23154983616
3.23197013325
3.2323862563
3.23279424533
3.23319015782
3.23357009379
3.23393022146
3.23426680314
3.23457622134
3.23485500462
3.23509985298
3.23530766253
3.23547554909
3.23560087049
3.23568124718
3.23571458103
3.23569907187
3.23563323176
3.23551589657
3.23534623487
3.23512375388
3.23484830243
3.23452007094
3.2341395883
3.23370771574
3.2332256378
3.23269485051
3.23211714686
3.23149459988
3.23082954351
3.23012455147
3.22938241451
3.22860611619
3.22779880769
3.22696378178
3.22610444635
3.22522429783
3.22432689466
3.22341583129
3.22249471274
3.22156713012
3.22063663727
3.2197067286
3.21878081842
3.21786222178
3.2169541369
3.21605962933
3.21518161772
3.21432286138
3.21348594938
3.2126732914
3.21188711001
3.21112943449
3.21040209601
3.20970672405
3.20904474402
3.20841737594
3.20782563402
3.2072703271
3.20675205989
3.20627123473
3.20582805406
3.2054225233
3.20505445418
3.20472346848
3.20442900214
3.20417030972
3.20394646914
3.20375638685
3.20359880334
3.20347229899
3.20337530044
3.20330608737
3.20326279978
3.20324344597
3.20324591094
3.20326796562
3.20330727674
3.20336141741
3.20342787851
3.20350408087
3.20358738813
3.20367512046
3.20376456893
3.20385301059
3.20393772414
3.20401600607
3.20408518727
3.20414264986
3.20418584416
3.2042123057
3.20421967197
3.20420569882
3.20416827636
3.20410544405
3.20401540493
3.20389653872
3.20374741362
3.2035667967
3.20335366268
3.20310720101
3.20282682105
3.20251215546
3.2021630615
3.20177962039
3.20136213466
3.20091112351
3.20042731627
3.19991164404
3.19936522951
3.19878937537
3.19818555109
3.19755537857
3.19690061668
3.19622314493
3.19552494644
3.19480809051
3.19407471493
3.1933270082
3.19256719197
3.19179750379
3.19102018038
3.19023744161
3.18945147518
3.18866442241
3.18787836487
3.1870953123
3.18631719153
3.18554583672
3.18478298082
3.18403024815
3.18328914834
3.18256107129
3.18184728343
3.18114892486
3.18046700771
3.17980241525
3.17915590203
3.17852809468
3.1779194935
3.17733047465
3.17676129289
3.17621208481
3.17568287245
3.17517356736
3.17468397483
3.17421379846
3.17376264492
3.17333002888
3.17291537806
3.17251803843
3.17213727956
3.17177229998
3.17142223272
3.17108615089
3.17076307339
3.17045197071
3.17015177081
3.16986136516
3.16957961484
3.16930535674
3.16903740997
3.16877458221
3.16851567631
3.16825949681
3.16800485668
3.1677505839
3.16749552818
3.16723856754
3.16697861482
3.16671462408
3.16644559672
3.16617058743
3.16588870975
3.16559914134
3.16530112869
3.16499399147
3.16467712622
3.16435000946
3.16401220022
3.16366334172
3.16330316249
3.16293147663
3.16254818333
3.16215326563
3.1617467884
3.16132889557
3.16089980665
3.16045981259
3.16000927092
3.15954860044
3.15907827526
3.15859881852
3.15811079571
3.15761480765
3.1571114834
3.15660147295
3.15608543996
3.15556405459
3.1550379864
3.15450789753
3.15397443622
3.15343823063
3.15289988314
3.1523599651
3.15181901214
3.15127752001
3.15073594102
3.1501946811
3.14965409746
3.14911449686
3.14857613454
3.14803921368
3.14750388553
3.14697025007
3.14643835718
3.14590820834
3.14537975889
3.14485292055
3.14432756455
3.143803525
3.14328060263
3.14275856881
3.14223716986
3.14171613156
3.14119516383
3.14067396552
3.14015222943
3.13962964724
3.13910591456
3.13858073602
3.13805383016
3.13752493443
3.13699380993
3.13646024609
3.13592406504
3.13538512587
3.13484332855
3.13429861748
3.1337509848
3.13320047316
3.13264717818
3.13209125029
3.13153289616
3.13097237949
3.1304100213
3.12984619949
3.12928134784
3.12871595433
3.1281505588
3.1275857499
3.12702216141
3.12646046794
3.12590137988
3.1253456379
3.1247940068
3.12424726889
3.1237062169
3.12317164656
3.12264434883
3.12212510198
3.12161466345
3.12111376178
3.12062308854
3.12014329044
3.11967496169
3.11921863672
3.11877478338
3.11834379658
3.11792599265
3.1175216043
3.11713077634
3.11675356223
3.11638992139
3.11603971742
3.11570271716
3.11537859064
3.11506691189
3.11476716054
3.11447872432
3.11420090223
3.11393290846
3.11367387699
3.11342286676
3.11317886734
3.11294080506
3.11270754961
3.1124779208
3.11225069568
3.11202461579
3.11179839455
3.11157072464
3.1113402855
3.11110575067
3.11086579517
3.11061910268
3.11036437263
3.11010032719
3.10982571801
3.10953933287
3.10924000214
3.10892660508
3.10859807599
3.10825341022
3.10789167001
3.10751199025
3.10711358407
3.10669574831
3.10625786889
3.10579942604
3.10531999939
3.10481927286
3.10429703945
3.10375320575
3.10318779618
3.10260095699
3.10199295985
3.10136420504
3.10071522414
3.10004668216
3.09935937903
3.09865425038
3.09793236749
3.09719493639
3.09644329594
3.09567891494
3.09490338807
3.09411843072
3.09332587255
3.09252764983
3.09172579652
3.09092243406
3.09011975991
3.08932003488
3.08852556929
3.08773870803
3.08696181471
3.08619725488
3.08544737853
3.08471450212
3.08400089016
3.08330873662
3.08264014639
3.08199711695
3.08138152055
3.08079508697
3.08023938728
3.07971581866
3.07922559047
3.07876971191
3.07834898124
3.07796397685
3.07761505025
3.07730232097
3.07702567367
3.07678475725
3.07657898607
3.0764075433
3.0762693862
3.07616325343
3.07608767407
3.07604097845
3.07602131038
3.07602664082
3.07605478276
3.07610340696
3.07617005863
3.07625217459
3.07634710088
3.07645211056
3.0765644216
3.07668121451
3.07679964982
3.07691688506
3.07703009125
3.07713646871
3.07723326219
3.07731777527
3.07738738387
3.07743954901
3.07747182871
3.07748188907
3.07746751457
3.0774266176
3.07735724727
3.07725759755
3.07712601481
3.07696100478
3.07676123902
3.07652556087
3.07625299104
3.07594273278
3.07559417667
3.07520690505
3.07478069614
3.07431552772
3.07381158049
3.07326924085
3.07268910339
3.0720719726
3.07141886409
3.070731005
3.07000983358
3.06925699787
3.06847435324
3.06766395888
3.06682807293
3.06596914626
3.06508981479
3.06419289018
3.06328134899
3.0623583201
3.06142707036
3.06049098863
3.05955356801
3.05861838651
3.05768908602
3.05676934996
3.0558628795
3.05497336863
3.05410447837
3.05325981014
3.05244287876
3.05165708519
3.05090568949
3.05019178403
3.04951826762
3.04888782054
3.04830288099
3.04776562328
3.04727793784
3.04684141356
3.0464573226
3.04612660778
3.04584987291
3.04562737609
3.04545902599
3.04534438139
3.0452826537
3.04527271261
3.04531309474
3.04540201508
3.04553738119
3.04571680982
3.04593764575
3.04619698274
3.04649168605
3.04681841644
3.0471736553
3.04755373057
3.04795484315
3.0483730936
3.04880450877
3.04924506807
3.04969072926
3.05013745353
3.05058122949
3.0510180963
3.05144416537
3.05185564097
3.05224883927
3.0526202062
3.05296633369
3.05328397469
3.05357005671
3.05382169418
3.05403619941
3.05421109258
3.05434411049
3.05443321445
3.05447659724
3.05447268922
3.05442016382
3.05431794225
3.05416519776
3.05396135922
3.05370611428
3.05339941198
3.05304146488
3.05263275065
3.05217401304
3.05166626233
3.05111077495
3.0505090924
3.04986301922
3.04917461992
3.04844621488
3.04768037486
3.0468799142
3.0460478825
3.04518755463
3.04430241908
3.04339616441
3.04247266386
3.041535958
3.04059023544
3.03963981157
3.03868910539
3.03774261456
3.03680488871
3.0358805012
3.0349740195
3.0340899745
3.03323282882
3.03240694466
3.03161655133
3.03086571282
3.03015829587
3.02949793881
3.02888802161
3.02833163743
3.02783156614
3.02739025014
3.02700977267
3.0266918391
3.02643776138
3.02624844576
3.02612438415
3.02606564908
3.02607189244
3.0261423479
3.02627583709
3.02647077935
3.02672520502
3.0270367719
3.02740278485
3.02782021813
3.02828574016
3.0287957405
3.02934635852
3.02993351356
3.0305529361
3.03120019962
3.03187075278
3.03255995163
3.0332630914
3.03397543773
3.03469225692
3.03540884513
3.03612055614
3.03682282769
3.03751120614
3.0381813694
3.0388291481
3.03945054495
3.0400417523
3.04059916791
3.04111940907
3.04159932503
3.04203600793
3.04242680231
3.0427693133
3.04306141355
3.0433012492
3.04348724477
3.04361810724
3.04369282931
3.04371069201
3.04367126661
3.04357441599
3.04342029543
3.04320935275
3.04294232799
3.04262025233
3.04224444646
3.04181651807
3.04133835858
3.04081213887
3.04024030394
3.03962556646
3.03897089888
3.03827952418
3.03755490509
3.03680073153
3.03602090643
3.03521952954
3.03440087947
3.03356939371
3.03272964673
3.0318863262
3.03104420729
3.03020812531
3.02938294666
3.02857353844
3.02778473678
3.02702131424
3.02628794658
3.02558917906
3.02492939287
3.02431277181
3.02374326975
3.02322457916
3.0227601012
3.02235291761
3.02200576493
3.02172101127
3.02150063596
3.02134621248
3.0212588947
3.0212394069
3.02128803742
3.02140463625
3.02158861654
3.02183895991
3.02215422569
3.02253256366
3.02297173048
3.0234691092
3.02402173187
3.02462630483
3.02527923624
3.02597666572
3.02671449545
3.02748842265
3.02829397269
3.02912653279
3.02998138573
3.03085374327
3.03173877903
3.03263166033
3.03352757907
3.03442178098
3.0353095935
3.03618645174
3.03704792273
3.03788972763
3.03870776205
3.03949811434
3.04025708194
3.04098118587
3.0416671833
3.0423120785
3.04291313206
3.04346786871
3.04397408363
3.04442984767
3.04483351131
3.04518370765
3.04547935459
3.04571965607
3.04590410275
3.04603247191
3.04610482686
3.04612151573
3.04608316974
3.04599070086
3.04584529891
3.04564842805
3.04540182244
3.0451074813
3.0447676629
3.04438487774
3.04396188051
3.04350166096
3.04300743343
3.04248262493
3.04193086185
3.04135595496
3.04076188289
3.04015277384
3.03953288572
3.03890658447
3.03827832092
3.03765260595
3.03703398428
3.03642700699
3.03583620286
3.03526604886
3.03472093996
3.03420515859
3.03372284394
3.03327796163
3.03287427382
3.03251531034
3.032204341
3.03194434961
3.0317380099
3.0315876637
3.03149530173
3.03146254719
3.03149064248
3.0315804391
3.03173239105
3.03194655171
3.03222257424
3.0325597156
3.0329568441
3.03341245027
3.03392466106
3.03449125707
3.0351096926
3.03577711827
3.03649040582
3.03724617491
3.03804082142
3.03887054697
3.03973138934
3.04061925331
3.0415299417
3.0424591862
3.0434026777
3.04435609584
3.04531513751
3.04627554405
3.04723312706
3.04818379247
3.049123563
3.05004859868
3.05095521554
3.05183990241
3.05269933578
3.05353039286
3.05433016283
3.05509595634
3.05582531346
3.0565160101
3.05716606302
3.05777373361
3.05833753052
3.05885621123
3.0593287828
3.05975450173
3.06013287316
3.06046364942
3.06074682808
3.06098264939
3.06117159331
3.06131437611
3.06141194642
3.06146548088
3.06147637923
3.06144625892
3.06137694901
3.06127048348
3.06112909375
3.06095520038
3.06075140389
3.06052047458
3.06026534128
3.05998907905
3.05969489568
3.05938611696
3.05906617084
3.05873857025
3.05840689484
3.05807477153
3.05774585404
3.0574238014
3.05711225572
3.05681481921
3.05653503075
3.05627634218
3.05604209445
3.05583549407
3.05565958987
3.05551725051
3.05541114294
3.05534371209
3.05531716203
3.05533343886
3.05539421563
3.05550087937
3.05565452052
3.0558559249
3.05610556831
3.05640361385
3.05674991206
3.05714400383
3.05758512604
3.05807221992
3.05860394197
3.05917867726
3.05979455508
3.06044946644
3.06114108358
3.06186688083
3.06262415684
3.06341005777
3.06422160117
3.06505570028
3.06590918844
3.06677884341
3.06766141128
3.0685536297
3.06945225036
3.07035406038
3.07125590254
3.07215469419
3.07304744467
3.07393127135
3.07480341394
3.0756612474
3.07650229313
3.07732422865
3.07812489583
3.07890230755
3.07965465308
3.08038030209
3.08107780757
3.08174590751
3.0823835257
3.0829897716
3.08356393939
3.08410550637
3.08461413068
3.08508964859
3.0855320712
3.08594158084
3.08631852707
3.08666342233
3.08697693738
3.08725989633
3.08751327149
3.08773817787
3.0879358674
3.08810772279
3.08825525103
3.0883800765
3.08848393362
3.08856865907
3.08863618346
3.08868852243
3.08872776732
3.08875607506
3.08877565764
3.0887887709
3.08879770278
3.08880476101
3.08881226034
3.08882250926
3.08883779646
3.08886037691
3.08889245785
3.08893618468
3.08899362694
3.08906676449
3.08915747411
3.0892675165
3.08939852403
3.08955198927
3.08972925449
3.08993150226
3.09015974729
3.09041482961
3.09069740921
3.09100796225
3.09134677883
3.09171396243
3.09210943101
3.09253291981
3.09298398569
3.09346201316
3.09396622184
3.09449567534
3.09504929149
3.09562585363
3.09622402298
3.09684235184
3.09747929747
3.09813323648
3.09880247952
3.09948528615
3.10017987969
3.1008844619
3.10159722722
3.1023163767
3.10304013114
3.1037667436
3.10449451108
3.10522178522
3.10594698211
3.10666859104
3.10738518215
3.10809541314
3.10879803478
3.10949189545
3.11017594467
3.11084923558
3.11151092656
3.11216028193
3.11279667184
3.11341957143
3.11402855927
3.1146233152
3.11520361764
3.11576934038
3.11632044903
3.11685699698
3.1173791212
3.11788703771
3.11838103686
3.11886147847
3.11932878685
3.11978344565
3.12022599277
3.12065701513
3.12107714345
3.12148704704
3.12188742853
3.12227901871
3.12266257129
3.12303885779
3.12340866242
3.12377277701
3.12413199602
3.12448711163
3.12483890889
3.125188161
3.12553562475
3.12588203597
3.12622810536
3.12657451428
3.12692191096
3.12727090686
3.12762207329
3.12797593845
3.12833298469
3.12869364624
3.12905830727
3.12942730042
3.12980090581
3.13017935042
3.13056280805
3.13095139972
3.13134519463
3.13174421151
3.13214842056
3.13255774582
3.13297206795
3.13339122753
3.13381502863
3.13424324279
3.13467561333
3.13511185985
3.13555168292
3.13599476902
3.1364407954
3.13688943513
3.13734036199
3.13779325534
3.1382478048
3.13870371479
3.13916070874
3.13961853306
3.14007696077
3.14053579474
3.14099487053
3.14145405884
3.14191326744
3.14237244276
3.14283157088
3.14329067817
3.14374983139
3.14420913739
3.14466874227
3.14512883024
3.14558962196
3.14605137249
3.14651436893
3.14697892765
3.14744539119
3.14791412486
3.14838551311
3.14885995556
3.14933786281
3.14981965215
3.15030574293
3.15079655189
3.15129248834
3.15179394918
3.15230131392
3.15281493964
3.1533351559
3.15386225968
3.15439651045
3.15493812522
3.15548727378
3.15604407414
3.15660858813
3.15718081734
3.15776069928
3.15834810401
3.15894283111
3.15954460721
3.16015308394
3.16076783659
3.16138836327
3.16201408487
3.16264434568
3.16327841477
3.16391548821
3.1645546921
3.16519508641
3.16583566969
3.16647538464
3.16711312446
3.16774774006
3.16837804794
3.16900283888
3.16962088714
3.17023096036
3.17083182977
3.17142228089
3.17200112443
3.17256720726
3.17311942353
3.1736567255
3.17417813424
3.17468274987
3.17516976129
3.1756384553
3.17608822494
3.17651857692
3.17692913817
3.17731966128
3.17769002884
3.17804025665
3.1783704957
3.17868103291
3.17897229072
3.17924482543
3.17949932441
3.17973660217
3.1799575954
3.18016335702
3.18035504935
3.1805339365
3.18070137605
3.18085881014
3.18100775608
3.18114979663
3.18128656996
3.18141975943
3.18155108335
3.18168228472
3.18181512103
3.18195135429
3.18209274116
3.18224102348
3.18239791898
3.18256511235
3.18274424669
3.18293691525
3.18314465357
3.18336893189
3.18361114798
3.18387262018
3.18415458086
3.18445816996
3.18478442901
3.18513429518
3.18550859567
3.18590804224
3.18633322601
3.18678461235
3.18726253615
3.18776719713
3.18829865559
3.18885682834
3.18944148504
3.1900522449
3.19068857392
3.19134978259
3.19203502427
3.19274329425
3.19347342967
3.1942241102
3.19499385985
3.19578104979
3.19658390227
3.19740049585
3.19822877193
3.19906654253
3.19991149961
3.2007612257
3.20161320596
3.20246484166
3.20331346501
3.20415635527
3.20499075608
3.20581389381
3.20662299693
3.20741531612
3.20818814495
3.20893884104
3.20966484723
3.21036371287
3.21103311468
3.21167087704
3.2122749916
3.21284363565
3.21337518936
3.21386825139
3.21432165283
3.21473446921
3.2151060304
3.21543592834
3.21572402245
3.21597044264
3.2161755899
3.21634013453
3.21646501193
3.2165514161
3.21660079095
3.21661481951
3.21659541125
3.21654468761
3.21646496605
3.21635874275
3.21622867417
3.2160775578
3.21590831219
3.21572395666
3.2155275907
3.21532237344
3.2151115033
3.21489819805
3.21468567533
3.21447713386
3.21427573549
3.21408458802
3.21390672902
3.21374511055
3.21360258499
3.21348189179
3.2133856452
3.21331632305
3.21327625634
3.21326761978
3.21329242314
3.21335250324
3.2134495168
3.21358493376
3.2137600312
3.21397588785
3.21423337894
3.21453317159
3.21487572052
3.21526126425
3.21568982167
3.216161189
3.21667493732
3.21723041055
3.21782672403
3.21846276384
3.21913718675
3.2198484212
3.22059466913
3.22137390897
3.22218389983
3.22302218699
3.22388610887
3.22477280551
3.22567922869
3.22660215379
3.22753819338
3.22848381263
3.22943534653
3.23038901893
3.23134096326
3.232287245
3.23322388564
3.23414688804
3.23505226306
3.23593605716
3.23679438076
3.23762343711
3.23841955135
3.23917919948
3.23989903686
3.24057592592
3.24120696281
3.24178950259
3.24232118254
3.24279994357
3.24322404907
3.24359210128
3.24390305472
3.2441562266
3.24435130408
3.24448834821
3.24456779455
3.24459045048
3.2445574892
3.24447044053
3.24433117867
3.24414190707
3.24390514065
3.2436236856
3.24330061704
3.24293925484
3.24254313792
3.24211599735
3.24166172858
3.24118436308
3.24068803979
3.24017697655
3.23965544192
3.23912772757
3.23859812147
3.2380708821
3.23755021382
3.23704024361
3.23654499911
3.2360683883
3.23561418056
3.23518598938
3.23478725651
3.23442123767
3.23409098964
3.23379935873
3.23354897054
3.23334222088
3.23318126777
3.23306802443
3.23300415317
3.2329910601
3.23302989046
3.23312152472
3.23326657519
3.23346538324
3.23371801697
3.23402426952
3.23438365783
3.23479542205
3.23525852555
3.23577165563
3.23633322509
3.23694137459
3.23759397614
3.23828863764
3.23902270869
3.23979328785
3.2405972313
3.24143116326
3.24229148802
3.24317440393
3.24407591918
3.24499186965
3.24591793859
3.24684967846
3.24778253453
3.2487118704
3.24963299532
3.25054119298
3.25143175175
3.25229999616
3.25314131913
3.25395121497
3.25472531255
3.25545940852
3.25614949998
3.25679181646
3.25738285067
3.25791938768
3.25839853214
3.25881773325
3.25917480707
3.25946795586
3.25969578429
3.2598573121
3.25995198329
3.25997967143
3.25994068125
3.25983574633
3.25966602305
3.25943308076
3.25913888841
3.25878579782
3.25837652382
3.25791412145
3.25740196068
3.25684369892
3.25624325164
3.25560476153
3.25493256656
3.25423116729
3.25350519387
3.25275937303
3.25199849533
3.25122738319
3.25045085969
3.24967371867
3.24890069614
3.24813644324
3.24738550089
3.24665227628
3.24594102113
3.24525581189
3.24460053178
3.24397885466
3.24339423072
3.24284987388
3.24234875071
3.24189357097
3.24148677943
3.24113054906
3.24082677523
3.24057707104
3.24038276354
3.24024489073
3.24016419933
3.2401411432
3.24017588239
3.24026828276
3.24041791619
3.24062406132
3.240885705
3.24120154432
3.2415699894
3.24198916704
3.24245692521
3.2429708386
3.24352821536
3.24412610502
3.24476130786
3.24543038575
3.24612967465
3.24685529874
3.24760318646
3.24836908828
3.24914859648
3.24993716671
3.25073014151
3.25152277559
3.25231026283
3.25308776491
3.25385044124
3.25459348021
3.25531213128
3.25600173788
3.25665777053
3.25727586008
3.25785183064
3.25838173174
3.2588618695
3.25928883629
3.25965953856
3.25997122253
3.26022149728
3.26040835506
3.26053018836
3.26058580372
3.26057443191
3.26049573436
3.26034980584
3.26013717326
3.25985879056
3.25951602998
3.2591106695
3.25864487698
3.25812119095
3.25754249843
3.25691201014
3.25623323328
3.2555099424
3.25474614863
3.25394606765
3.2531140869
3.25225473226
3.25137263465
3.25047249693
3.24955906136
3.24863707788
3.24771127366
3.24678632396
3.24586682453
3.24495726582
3.24406200899
3.24318526386
3.2423310688
3.24150327267
3.24070551866
3.23994123005
3.23921359787
3.23852557021
3.23787984326
3.23727885383
3.23672477327
3.23621950268
3.23576466924
3.2353616236
3.23501143808
3.23471490583
3.23447254055
3.23428457697
3.23415097185
3.23407140557
3.23404528423
3.23407174234
3.23414964598
3.23427759667
3.23445393581
3.23467674988
3.23494387646
3.23525291113
3.23560121539
3.23598592564
3.23640396341
3.23685204687
3.23732670372
3.23782428552
3.23834098357
3.23887284636
3.23941579853
3.23996566147
3.24051817538
3.24106902286
3.24161385375
3.24214831129
3.24266805927
3.24316881006
3.24364635324
3.24409658463
3.24451553535
3.24489940072
3.24524456862
3.24554764691
3.24580548978
3.24601522253
3.24617426442
3.24628034957
3.24633154522
3.24632626748
3.24626329405
3.24614177391
3.24596123375
3.24572158108
3.24542310393
3.24506646714
3.24465270541
3.24418321296
3.2436597302
3.24308432741
3.24245938574
3.24178757582
3.24107183413
3.24031533762
3.23952147677
3.2386938275
3.23783612226
3.23695222062
3.23604607972
3.23512172491
3.23418322083
3.23323464326
3.23228005195
3.23132346467
3.23036883269
3.22942001779
3.22848077094
3.22755471275
3.22664531576
3.22575588852
3.22488956153
3.22404927496
3.2232377681
3.22245757051
3.22171099468
3.22100013021
3.22032683931
3.21969275355
3.21909927168
3.21854755857
3.21803854488
3.21757292763
3.21715117138
3.21677351012
3.21643994958
3.21615027008
3.21590402985
3.21570056874
3.21553901236
3.21541827662
3.21533707276
3.21529391285
3.21528711577
3.21531481385
3.2153749601
3.21546533616
3.21558356104
3.21572710071
3.21589327855
3.21607928683
3.21628219912
3.21649898379
3.21672651858
3.21696160609
3.2172009905
3.21744137507
3.21767944071
3.21791186529
3.21813534371
3.21834660849
3.21854245085
3.21871974195
3.21887545423
3.21900668255
3.2191106649
3.21918480253
3.21922667916
3.21923407911
3.21920500406
3.21913768824
3.21903061188
3.21888251268
3.21869239511
3.21845953747
3.21818349661
3.21786411011
3.21750149601
3.21709605006
3.21664844044
3.2161596001
3.21563071683
3.21506322107
3.21445877182
3.21381924066
3.21314669416
3.21244337499
3.21171168182
3.2109541484
3.21017342201
3.20937224153
3.20855341548
3.2077198001
3.20687427786
3.20601973661
3.20515904933
3.20429505506
3.20343054074
3.20256822432
3.20171073928
3.20086062038
3.20002029095
3.19919205159
3.19837807036
3.19758037436
3.19680084272
3.19604120094
3.19530301651
3.1945876957
3.19389648146
3.19323045238
3.1925905225
3.19197744203
3.19139179874
3.19083402006
3.19030437568
3.18980298069
3.18932979915
3.18888464798
3.18846720118
3.18807699441
3.18771342967
3.18737578036
3.18706319644
3.18677470994
3.18650924056
3.18626560162
3.18604250623
3.18583857372
3.18565233641
3.18548224671
3.18532668452
3.1851839651
3.18505234724
3.18493004186
3.18481522104
3.18470602742
3.18460058397
3.18449700417
3.18439340241
3.18428790477
3.18417865995
3.18406385033
3.1839417031
3.18381050136
3.18366859507
3.18351441175
3.18334646681
3.18316337347
3.18296385198
3.18274673821
3.18251099139
3.18225570093
3.1819800922
3.18168353125
3.18136552822
3.18102573968
3.18066396953
3.18028016867
3.17987443335
3.17944700215
3.17899825178
3.17852869157
3.17803895687
3.1775298013
3.17700208812
3.17645678068
3.17589493213
3.17531767453
3.17472620753
3.17412178666
3.1735057115
3.17287931374
3.17224394538
3.17160096716
3.17095173728
3.17029760067
3.1696398787
3.16897985967
3.16831878995
3.16765786589
3.16699822662
3.1663409477
3.16568703563
3.1650374233
3.1643929663
3.1637544401
3.16312253814
3.16249787066
3.16188096438
3.16127226284
3.16067212748
3.16008083932
3.15949860121
3.15892554062
3.1583617128
3.15780710448
3.15726163779
3.15672517451
3.15619752062
3.15567843095
3.15516761405
3.15466473717
3.15416943124
3.15368129602
3.15319990511
3.15272481107
3.15225555038
3.15179164841
3.15133262426
3.15087799543
3.15042728245
3.14998001324
3.14953572734
3.14909397991
3.14865434553
3.14821642169
3.14777983203
3.14734422934
3.14690929812
3.14647475693
3.14604036028
3.14560590022
3.14517120745
3.14473615211
3.14430064408
3.14386463287
3.14342810709
3.14299109347
3.14255365542
3.14211589119
3.14167793163
3.14123993754
3.14080209662
3.14036462013
3.13992773921
3.13949170095
3.13905676419
3.13862319521
3.13819126323
3.13776123586
3.13733337451
3.13690792985
3.1364851373
3.13606521275
3.13564834835
3.13523470863
3.13482442682
3.13441760156
3.1340142939
3.13361452473
3.13321827257
3.13282547186
3.1324360116
3.13204973452
3.13166643663
3.13128586731
3.13090772971
3.13053168172
3.13015733723
3.12978426788
3.12941200511
3.12904004261
3.12866783906
3.12829482119
3.1279203871
3.12754390987
3.1271647413
3.126782216
3.12639565551
3.12600437269
3.12560767622
3.12520487521
3.12479528396
3.12437822678
3.12395304294
3.12351909167
3.12307575718
3.12262245384
3.12215863128
3.12168377957
3.12119743436
3.12069918204
3.12018866486
3.11966558588
3.11912971397
3.11858088851
3.11801902403
3.11744411455
3.11685623765
3.11625555825
3.11564233196
3.11501690797
3.11437973144
3.11373134537
3.11307239169
3.11240361177
3.11172584608
3.11104003305
3.11034720707
3.10964849549
3.1089451147
3.10823836523
3.10752962577
3.10682034626
3.10611203989
3.10540627416
3.10470466103
3.10400884608
3.10332049701
3.1026412913
3.10197290334
3.10131699098
3.10067518183
3.10004905928
3.09944014844
3.09884990227
3.09827968791
3.09773077347
3.09720431541
3.09670134669
3.09622276586
3.09576932718
3.09534163192
3.094940121
3.094565069
3.09421657963
3.09389458278
3.09359883305
3.09332890993
3.09308421946
3.09286399747
3.09266731424
3.09249308057
3.09234005513
3.09220685301
3.09209195537
3.0919937199
3.09191039227
3.09184011806
3.0917809553
3.09173088739
3.09168783618
3.09164967523
3.09161424305
3.09157935615
3.09154282194
3.09150245125
3.09145607055
3.09140153365
3.09133673297
3.09125961023
3.09116816673
3.09106047291
3.09093467759
3.0907890165
3.09062182044
3.09043152294
3.09021666745
3.08997591416
3.08970804646
3.08941197703
3.08908675364
3.08873156464
3.08834574422
3.08792877735
3.08748030446
3.08700012591
3.08648820601
3.08594467685
3.08536984166
3.08476417769
3.0841283387
3.08346315672
3.08276964324
3.08204898958
3.08130256638
3.08053192218
3.0797387809
3.07892503814
3.07809275629
3.0772441582
3.07638161953
3.07550765958
3.07462493058
3.07373620553
3.07284436432
3.07195237854
3.07106329464
3.07018021573
3.06930628213
3.06844465068
3.06759847305
3.06677087316
3.06596492406
3.06518362433
3.0644298743
3.06370645242
3.06301599196
3.06236095839
3.06174362761
3.06116606548
3.06063010873
3.06013734763
3.05968911058
3.05928645088
3.05893013582
3.05862063826
3.05835813079
3.05814248257
3.0579732589
3.05784972345
3.05777084318
3.05773529585
3.05774147996
3.0577875271
3.0578713163
3.05799049047
3.05814247445
3.05832449458
3.05853359947
3.05876668176
3.05902050056
3.05929170433
3.05957685399
3.05987244598
3.06017493505
3.06048075665
3.06078634861
3.06108817216
3.0613827319
3.06166659488
3.06193640851
3.06218891741
3.06242097905
3.06262957818
3.06281184024
3.06296504347
3.06308663014
3.06317421657
3.06322560238
3.06323877871
3.06321193577
3.06314346958
3.06303198808
3.06287631665
3.06267550309
3.0624288221
3.06213577931
3.06179611486
3.06140980649
3.06097707224
3.06049837258
3.05997441204
3.05940614021
3.05879475202
3.05814168731
3.05744862941
3.05671750282
3.05595046967
3.05514992501
3.05431849069
3.05345900781
3.05257452748
3.05166830004
3.05074376237
3.04980452341
3.04885434789
3.04789713802
3.04693691349
3.04597778947
3.04502395303
3.04407963787
3.04314909754
3.04223657745
3.04134628583
3.0404823638
3.03964885497
3.03884967487
3.03808858037
3.03736913967
3.03669470299
3.03606837456
3.03549298596
3.03497107143
3.03450484534
3.03409618213
3.03374659899
3.03345724163
3.03322887309
3.03306186607
3.03295619861
3.0329114533
3.03292682003
3.03300110222
3.03313272639
3.033319755
3.03355990234
3.03385055326
3.03418878437
3.03457138765
3.0349948959
3.03545560991
3.03594962683
3.03647286952
3.03702111654
3.03759003232
3.03817519735
3.038772138
3.03937635571
3.03998335537
3.04058867251
3.04118789941
3.04177670959
3.04235088099
3.04290631744
3.0434390685
3.04394534766
3.04442154894
3.04486426179
3.04527028451
3.04563663621
3.04596056732
3.04623956885
3.04647138053
3.04665399776
3.04678567771
3.04686494445
3.04689059341
3.04686169502
3.04677759782
3.04663793092
3.0464426059
3.04619181822
3.04588604798
3.04552606016
3.04511290419
3.04464791286
3.04413270036
3.0435691595
3.04295945794
3.04230603322
3.04161158667
3.04087907582
3.04011170541
3.03931291674
3.03848637527
3.03763595648
3.03676572969
3.0358799401
3.03498298868
3.03407941023
3.03317384938
3.03227103483
3.03137575175
3.03049281267
3.02962702682
3.02878316845
3.02796594407
3.02717995913
3.02642968439
3.02571942233
3.02505327389
3.02443510613
3.02386852093
3.02335682536
3.02290300389
3.02250969302
3.02217915841
3.02191327513
3.02171351101
3.02158091349
3.0215161002
3.0215192532
3.02159011717
3.02172800151
3.0219317862
3.02219993156
3.02253049156
3.02292113059
3.02336914348
3.02387147839
3.02442476235
3.02502532908
3.02566924866
3.02635235881
3.02707029729
3.02781853497
3.02859240948
3.02938715865
3.03019795381
3.03101993234
3.03184822938
3.03267800824
3.03350448956
3.03432297875
3.03512889176
3.03591777908
3.03668534773
3.03742748142
3.0381402587
3.03881996929
3.0394631285
3.04006648994
3.04062705651
3.04114208991
3.04160911857
3.04202594448
3.04239064859
3.04270159534
3.04295743611
3.04315711187
3.04329985509
3.04338519091
3.04341293769
3.04338320704
3.04329640319
3.04315322182
3.0429546483
3.04270195529
3.04239669959
3.04204071828
3.04163612393
3.04118529887
3.04069088837
3.04015579259
3.03958315719
3.03897636262
3.0383390117
3.03767491565
3.03698807843
3.03628267922
3.03556305308
3.0348336699
3.03409911135
3.03336404628
3.0326332043
3.03191134788
3.03120324311
3.03051362926
3.02984718733
3.02920850807
3.02860205952
3.02803215451
3.02750291852
3.0270182581
3.02658183043
3.02619701415
3.02586688205
3.02559417586
3.02538128344
3.0252302188
3.02514260516
3.02511966125
3.02516219116
3.02527057774
3.02544477983
3.02568433316
3.02598835508
3.02635555301
3.02678423634
3.02727233192
3.02781740262
3.02841666887
3.02906703285
3.02976510496
3.03050723235
3.03128952892
3.03210790668
3.03295810784
3.03383573747
3.03473629622
3.03565521279
3.0365878759
3.03752966533
3.03847598191
3.03942227609
3.04036407504
3.04129700796
3.04221682964
3.04311944211
3.04400091426
3.04485749958
3.04568565192
3.04648203932
3.04724355607
3.04796733295
3.04865074584
3.04929142288
3.04988725011
3.05043637591
3.0509372143
3.05138844713
3.05178902546
3.05213817006
3.05243537123
3.05268038795
3.05287324646
3.05301423835
3.05310391805
3.05314309984
3.0531328544
3.0530745047
3.05296962135
3.0528200173
3.05262774175
3.05239507329
3.05212451209
3.05181877114
3.05148076637
3.05111360553
3.05072057595
3.05030513081
3.04987087412
3.04942154421
3.04896099583
3.04849318077
3.0480221271
3.04755191701
3.04708666352
3.04663048591
3.04618748431
3.04576171341
3.04535715567
3.04497769406
3.04462708491
3.04430893076
3.04402665387
3.0437834704
3.0435823658
3.04342607155
3.04331704364
3.04325744301
3.04324911837
3.04329359138
3.04339204463
3.04354531257
3.04375387533
3.04401785579
3.04433701979
3.04471077951
3.0451382
3.04561800875
3.04614860823
3.0467280911
3.04735425804
3.04802463784
3.04873650952
3.04948692619
3.05027274034
3.05109063025
3.05193712714
3.05280864286
3.05370149759
3.05461194757
3.05553621219
3.05647050056
3.05741103696
3.05835408528
3.05929597207
3.06023310809
3.06116200833
3.06207931028
3.06298179055
3.06386637965
3.06473017513
3.0655704529
3.06638467695
3.06717050745
3.06792580738
3.0686486477
3.0693373112
3.06999029529
3.07060631353
3.07118429633
3.07172339071
3.0722229594
3.07268257916
3.07310203857
3.07348133537
3.0738206732
3.0741204581
3.07438129447
3.07460398073
3.07478950464
3.07493903814
3.07505393189
3.07513570926
3.07518605992
3.07520683281
3.07520002861
3.07516779149
3.07511240016
3.07503625821
3.0749418836
3.07483189735
3.07470901131
3.07457601513
3.07443576227
3.07429115521
3.07414512978
3.07400063883
3.07386063509
3.07372805354
3.07360579327
3.07349669901
3.07340354254
3.07332900401
3.07327565351
3.07324593302
3.07324213894
3.07326640537
3.07332068845
3.07340675185
3.07352615368
3.07368023499
3.07387010993
3.0740966579
3.0743605176
3.07466208324
3.07500150288
3.07537867895
3.07579327102
3.07624470065
3.07673215842
3.07725461292
3.07781082168
3.07839934384
3.07901855432
3.07966665953
3.08034171412
3.08104163877
3.08176423872
3.08250722279
3.08326822272
3.08404481253
3.08483452772
3.08563488422
3.08644339662
3.08725759585
3.08807504588
3.08889335949
3.0897102129
3.09052335923
3.09133064066
3.09212999939
3.0929194872
3.09369727372
3.09446165344
3.09521105141
3.09594402773
3.09665928098
3.09735565041
3.09803211727
3.09868780511
3.09932197934
3.09993404593
3.10052354951
3.10109017088
3.10163372395
3.10215415231
3.10265152535
3.10312603412
3.10357798687
3.10400780435
3.10441601501
3.10480324984
3.10517023723
3.10551779756
3.10584683769
3.10615834533
3.10645338317
3.1067330829
3.1069986391
3.10725130282
3.1074923751
3.10772320017
3.1079451585
3.10815965962
3.10836813471
3.10857202902
3.10877279408
3.10897187973
3.10917072605
3.10937075518
3.10957336313
3.1097799115
3.10999171939
3.11021005538
3.11043612974
3.11067108691
3.11091599839
3.11117185606
3.11143956599
3.11171994294
3.11201370552
3.11232147206
3.11264375732
3.11298097015
3.11333341191
3.11370127598
3.11408464817
3.11448350807
3.11489773143
3.11532709342
3.11577127285
3.11622985717
3.11670234836
3.11718816944
3.11768667168
3.1181971424
3.11871881307
3.11925086793
3.11979245277
3.12034268378
3.12090065658
3.12146545502
3.12203615992
3.12261185743
3.12319164713
3.1237746496
3.12436001357
3.1249469224
3.12553460002
3.12612231616
3.1267093909
3.12729519852
3.12787917062
3.12846079852
3.12903963493
3.12961529496
3.13018745644
3.13075585955
3.13132030594
3.13188065718
3.1324368327
3.13298880728
3.13353660805
3.13408031112
3.13462003782
3.13515595065
3.135688249
3.13621716456
3.13674295664
3.13726590729
3.13778631636
3.13830449646
3.13882076794
3.13933545384
3.13984887493
3.1403613448
3.1408731651
3.14138462089
3.14189597624
3.14240746999
3.14291931183
3.14343167861
3.14394471102
3.14445851065
3.14497313733
3.1454886071
3.14600489039
3.14652191091
3.14703954488
3.14755762091
3.14807592032
3.14859417816
3.14911208464
3.14962928728
3.1501453935
3.15065997386
3.15117256578
3.1516826778
3.1521897943
3.15269338063
3.15319288869
3.15368776276
3.15417744566
3.15466138507
3.15513904
3.15560988732
3.15607342822
3.15652919464
3.15697675544
3.15741572241
3.15784575583
3.15826656976
3.15867793676
3.15907969219
3.15947173781
3.15985404495
3.16022665685
3.16058969048
3.16094333761
3.16128786524
3.16162361527
3.16195100363
3.16227051868
3.16258271903
3.16288823078
3.16318774423
3.16348201007
3.16377183522
3.16405807817
3.16434164405
3.16462347937
3.16490456661
3.1651859185
3.16546857225
3.16575358361
3.16604202094
3.16633495916
3.16663347372
3.16693863466
3.16725150056
3.16757311262
3.16790448884
3.16824661813
3.1686004546
3.16896691184
3.16934685732
3.16974110678
3.1701504188
3.17057548927
3.1710169461
3.17147534391
3.17195115881
3.17244478331
3.17295652139
3.17348658364
3.17403508268
3.17460202876
3.17518732562
3.17579076677
3.17641203207
3.1770506848
3.17770616926
3.17837780899
3.17906480561
3.17976623846
3.18048106506
3.18120812241
3.18194612937
3.18269368996
3.1834492978
3.18421134168
3.18497811226
3.18574780998
3.18651855415
3.18728839314
3.1880553158
3.18881726391
3.18957214558
3.1903178497
3.19105226106
3.19177327619
3.19247881976
3.19316686128
3.19383543202
3.19448264193
3.19510669634
3.19570591225
3.1962787341
3.19682374862
3.19733969879
3.19782549661
3.19828023447
3.19870319513
3.19909385997
3.19945191562
3.19977725867
3.20006999858
3.20033045865
3.20055917513
3.20075689434
3.20092456809
3.20106334728
3.20117457378
3.20125977091
3.20132063242
3.20135901022
3.2013769011
3.20137643248
3.20135984741
3.20132948912
3.20128778504
3.20123723073
3.20118037369
3.20111979728
3.20105810493
3.20099790459
3.20094179376
3.20089234495
3.20085209188
3.2008235162
3.20080903507
3.2008109893
3.20083163232
3.20087311984
3.20093750018
3.20102670527
3.20114254228
3.20128668583
3.20146067074
3.20166588525
3.20190356474
3.20217478575
3.20248046052
3.20282133174
3.20319796773
3.20361075789
3.20405990848
3.2045454388
3.20506717771
3.20562476053
3.20621762655
3.20684501695
3.20750597345
3.2081993376
3.20892375097
3.20967765621
3.2104592991
3.21126673183
3.21209781746
3.2129502357
3.21382149018
3.21470891721
3.2156096961
3.21652086113
3.21743931521
3.21836184514
3.21928513853
3.22020580238
3.22112038305
3.22202538776
3.22291730728
3.22379263976
3.22464791543
3.22547972203
3.22628473064
3.22705972169
3.22780161082
3.22850747443
3.22917457437
3.22980038176
3.23038259936
3.23091918243
3.23140835766
3.23184863996
3.23223884692
3.23257811064
3.23286588691
3.2331019615
3.23328645354
3.23341981588
3.23350283254
3.23353661321
3.23352258493
3.23346248097
3.23335832734
3.23321242674
3.23302734054
3.2328058688
3.23255102872
3.23226603168
3.23195425932
3.23161923881
3.2312646176
3.23089413807
3.23051161212
3.23012089612
3.22972586635
3.22933039518
3.2289383281
3.2285534618
3.22817952336
3.22782015073
3.22747887441
3.22715910051
3.2268640951
3.22659696988
3.22636066911
3.22615795776
3.22599141084
3.22586340379
3.22577610381
3.22573146226
3.22573120769
3.22577683975
3.22586962379
3.22601058591
3.22620050877
3.22643992775
3.22672912771
3.22706814015
3.22745674095
3.22789444854
3.22838052267
3.22891396389
3.22949351358
3.23011765489
3.23078461457
3.23149236576
3.23223863202
3.23302089246
3.23383638847
3.23468213175
3.23555491411
3.23645131893
3.23736773444
3.23830036888
3.23924526759
3.24019833201
3.24115534063
3.24211197181
3.24306382839
3.24400646394
3.24493541061
3.24584620826
3.24673443467
3.24759573665
3.24842586167
3.24922068974
3.24997626521
3.25068882806
3.25135484441
3.25197103587
3.25253440724
3.25304227242
3.25349227792
3.25388242395
3.25421108253
3.25447701256
3.25467937154
3.2548177238
3.25489204516
3.25490272392
3.25485055816
3.25473674943
3.2545628929
3.25433096414
3.25404330265
3.25370259252
3.2533118403
3.25287435054
3.25239369926
3.25187370568
3.25131840261
3.25073200586
3.25011888294
3.24948352151
3.2488304979
3.24816444593
3.24749002639
3.24681189742
3.24613468605
3.24546296096
3.24480120685
3.24415380032
3.24352498744
3.2429188631
3.24233935206
3.2417901918
3.24127491703
3.24079684588
3.24035906766
3.23996443207
3.23961553985
3.23931473462
3.23906409588
3.23886543315
3.23872028086
3.23862989426
3.23859524596
3.23861702318
3.23869562564
3.23883116399
3.23902345887
3.23927204045
3.23957614866
3.23993473397
3.2403464589
3.24080970033
3.24132255261
3.24188283172
3.24248808046
3.24313557488
3.24382233207
3.24454511941
3.24530046537
3.24608467205
3.24689382954
3.24772383207
3.24857039619
3.24942908083
3.25029530938
3.25116439365
3.25203155972
3.25289197552
3.25374078002
3.25457311384
3.25538415108
3.25616913205
3.25692339669
3.2576424183
3.25832183725
3.25895749434
3.25954546335
3.26008208246
3.26056398417
3.26098812324
3.26135180237
3.26165269528
3.26188886678
3.26205878971
3.26216135831
3.26219589803
3.26216217151
3.26206038064
3.26189116479
3.2616555951
3.26135516498
3.26099177697
3.26056772605
3.26008567984
3.25954865564
3.25895999505
3.25832333604
3.25764258327
3.25692187672
3.25616555921
3.25537814306
3.25456427642
3.25372870952
3.25287626118
3.25201178605
3.25114014269
3.25026616285
3.24939462217
3.24853021251
3.24767751592
3.24684098059
3.24602489862
3.2452333858
3.24447036338
3.2437395417
3.24304440579
3.24238820269
3.2417739306
3.24120432947
3.24068187323
3.24020876327
3.23978692318
3.23941799463
3.23910333414
3.23884401085
3.23864080498
3.238494207
3.23840441752
3.23837134763
3.23839461996
3.23847357018
3.23860724917
3.23879442574
3.23903359005
3.23932295775
3.23966047499
3.24004382427
3.24047043135
3.24093747334
3.24144188796
3.2419803842
3.24254945444
3.24314538811
3.24376428698
3.2444020822
3.24505455299
3.2457173471
3.24638600307
3.24705597404
3.24772265329
3.24838140113
3.24902757323
3.24965654998
3.25026376688
3.25084474544
3.25139512459
3.25191069209
3.25238741563
3.25282147345
3.25320928379
3.25354753323
3.25383320318
3.2540635944
3.2542363492
3.25434947094
3.25440134057
3.25439073009
3.25431681258
3.25417916874
3.25397778983
3.25371307696
3.25338583673
3.25299727325
3.25254897676
3.25204290881
3.25148138446
3.25086705154
3.25020286729
3.24949207284
3.24873816566
3.24794487048
3.24711610898
3.24625596866
3.24536867122
3.24445854078
3.24352997239
3.242587401
3.24163527129
3.24067800858
3.23971999102
3.23876552335
3.23781881225
3.23688394349
3.235964861
3.23506534777
3.23418900875
3.23333925562
3.23251929347
3.23173210925
3.23098046202
3.23026687476
3.22959362769
3.22896275306
3.22837603112
3.22783498731
3.22734089037
3.22689475152
3.22649732427
3.22614910505
3.22585033445
3.22560099899
3.22540083347
3.22524932375
3.22514571005
3.22508899074
3.22507792658
3.22511104558
3.2251866484
3.22530281444
3.22545740866
3.22564808917
3.22587231577
3.22612735945
3.22641031292
3.2267181023
3.22704750001
3.22739513891
3.22775752771
3.22813106769
3.22851207073
3.22889677862
3.22928138353
3.22966204968
3.23003493598
3.23039621959
3.23074212016
3.23106892461
3.23137301222
3.2316508798
3.23189916661
3.2321146789
3.23229441366
3.23243558137
3.23253562744
3.23259225208
3.23260342829
3.2325674178
3.23248278469
3.23234840646
3.23216348249
3.23192753964
3.23164043498
3.23130235564
3.23091381558
3.23047564961
3.22998900448
3.22945532729
3.22887635139
3.22825407986
3.22759076689
3.2268888973
3.22615116444
3.22538044669
3.22457978305
3.22375234794
3.22290142556
3.22203038419
3.2211426505
3.22024168448
3.21933095483
3.21841391533
3.21749398234
3.21657451342
3.21565878745
3.21474998617
3.21385117737
3.21296529963
3.21209514875
3.21124336582
3.21041242693
3.20960463441
3.2088221096
3.20806678708
3.20734041017
3.20664452773
3.20598049207
3.20534945788
3.20475238207
3.20419002451
3.20366294934
3.20317152707
3.20271593713
3.20229617092
3.2019120353
3.20156315648
3.20124898418
3.20096879622
3.2007217033
3.20050665425
3.20032244149
3.20016770694
3.20004094824
3.19994052551
3.19986466844
3.19981148408
3.19977896498
3.19976499813
3.19976737439
3.19978379869
3.19981190086
3.19984924719
3.19989335265
3.19994169387
3.19999172265
3.20004088018
3.20008661173
3.20012638178
3.20015768951
3.20017808458
3.20018518286
3.20017668227
3.20015037834
3.20010417937
3.20003612113
3.19994438079
3.19982728997
3.19968334679
3.19951122661
3.19930979148
3.1990780981
3.19881540406
3.1985211725
3.19819507488
3.19783699194
3.19744701279
3.19702543216
3.19657274579
3.19608964401
3.19557700372
3.19503587865
3.19446748826
3.19387320528
3.19325454211
3.19261313619
3.1919507347
3.19126917856
3.19057038604
3.18985633626
3.18912905259
3.18839058626
3.18764300029
3.18688835399
3.18612868808
3.18536601055
3.1846022835
3.18383941091
3.18307922748
3.18232348858
3.18157386135
3.18083191696
3.180099124
3.17937684308
3.17866632248
3.1779686949
3.17728497517
3.17661605905
3.17596272276
3.17532562342
3.17470530023
3.17410217628
3.17351656101
3.1729486531
3.17239854393
3.17186622135
3.17135157379
3.17085439467
3.17037438703
3.16991116832
3.16946427539
3.16903316959
3.1686172419
3.16821581827
3.16782816492
3.16745349373
3.16709096773
3.16673970656
3.16639879208
3.16606727388
3.16574417501
3.1654284976
3.16511922863
3.16481534566
3.1645158226
3.16421963554
3.16392576848
3.1636332191
3.16334100445
3.16304816656
3.16275377789
3.16245694669
3.1621568221
3.16185259901
3.16154352266
3.16122889287
3.16090806787
3.16058046774
3.16024557734
3.1599029487
3.15955220293
3.1591930314
3.15882519651
3.1584485316
3.15806294039
3.15766839571
3.15726493757
3.15685267062
3.15643176108
3.15600243297
3.15556496393
3.15511968052
3.15466695308
3.15420719031
3.15374083342
3.15326835023
3.15279022896
3.15230697207
3.15181909005
3.15132709527
3.15083149597
3.15033279056
3.14983146203
3.14932797285
3.14882276015
3.14831623137
3.14780876039
3.14730068411
3.14679229964
3.14628386188
3.14577558185
3.14526762536
3.14476011241
3.14425311699
3.14374666753
3.14324074775
3.14273529804
3.14223021738
3.14172536554
3.14122056583
3.14071560816
3.14021025244
3.13970423232
3.13919725921
3.13868902651
3.13817921411
3.13766749301
3.13715353014
3.13663699325
3.13611755594
3.13559490264
3.13506873369
3.13453877034
3.13400475971
3.13346647964
3.13292374339
3.13237640417
3.1318243594
3.13126755478
3.13070598792
3.13013971177
3.12956883744
3.12899353675
3.12841404413
3.12783065808
3.12724374196
3.12665372419
3.12606109779
3.1254664192
3.12487030639
3.12427343626
3.12367654128
3.12308040535
3.12248585903
3.12189377393
3.12130505653
3.12072064132
3.1201414833
3.11956855009
3.11900281344
3.11844524051
3.11789678475
3.11735837676
3.1168309149
3.11631525609
3.11581220668
3.11532251363
3.11484685596
3.11438583686
3.11393997618
3.11350970375
3.11309535336
3.11269715764
3.11231524377
3.11194963021
3.11160022439
3.11126682131
3.11094910334
3.11064664082
3.11035889381
3.11008521467
3.10982485162
3.10957695309
3.10934057292
3.10911467618
3.10889814568
3.10868978904
3.10848834614
3.10829249701
3.10810087002
3.1079120502
3.10772458778
3.10753700674
3.10734781334
3.10715550464
3.1069585769
3.10675553374
3.10654489425
3.10632520078
3.10609502658
3.10585298315
3.10559772735
3.10532796835
3.10504247427
3.10474007863
3.10441968661
3.10408028108
3.10372092852
3.10334078467
3.10293910012
3.1025152257
3.10206861766
3.10159884279
3.10110558329
3.1005886414
3.10004794389
3.09948354619
3.09889563623
3.09828453791
3.09765071407
3.09699476902
3.09631745043
3.09561965056
3.0949024067
3.09416690084
3.09341445832
3.09264654553
3.09186476651
3.09107085833
3.09026668533
3.08945423205
3.08863559481
3.08781297201
3.08698865308
3.08616500615
3.08534446435
3.08452951104
3.08372266379
3.0829264574
3.08214342607
3.08137608473
3.08062690993
3.07989832026
3.07919265666
3.0785121628
3.07785896565
3.07723505667
3.07664227364
3.07608228358
3.07555656675
3.07506640214
3.07461285448
3.07419676309
3.07381873264
3.07347912586
3.07317805856
3.07291539667
3.07269075565
3.07250350202
3.07235275719
3.07223740338
3.07215609154
3.07210725124
3.07208910234
3.07209966826
3.07213679062
3.07219814522
3.07228125895
3.07238352754
3.07250223396
3.07263456716
3.07277764103
3.07292851335
3.07308420461
3.07324171649
3.07339804979
3.07355022192
3.07369528352
3.07383033445
3.07395253885
3.07405913937
3.07414747047
3.07421497084
3.07425919492
3.07427782359
3.07426867398
3.07422970853
3.07415904336
3.07405495588
3.07391589194
3.07374047222
3.07352749833
3.07327595828
3.07298503167
3.07265409434
3.07228272278
3.07187069808
3.0714180095
3.07092485766
3.07039165722
3.06981903911
3.06920785212
3.06855916385
3.06787426094
3.06715464842
3.06640204804
3.06561839565
3.06480583725
3.06396672385
3.06310360487
3.06221922002
3.06131648961
3.06039850316
3.05946850633
3.05852988604
3.05758615389
3.05664092776
3.05569791181
3.05476087477
3.05383362685
3.05291999518
3.05202379815
3.05114881877
3.05029877731
3.04947730344
3.04868790827
3.0479339564
3.04721863851
3.04654494469
3.04591563886
3.04533323458
3.04479997264
3.04431780064
3.04388835489
3.04351294482
3.04319254024
3.0429277614
3.04271887225
3.04256577679
3.04246801864
3.04242478384
3.04243490675
3.04249687913
3.042608862
3.0427687004
3.04297394061
3.04322184968
3.04350943704
3.04383347783
3.0441905377
3.04457699866
3.04498908594
3.04542289517
3.04587441987
3.04633957895
3.04681424372
3.04729426447
3.04777549619
3.04825382336
3.04872518355
3.04918558987
3.04963115193
3.0500580955
3.05046278066
3.05084171849
3.05119158635
3.05150924169
3.05179173455
3.05203631874
3.05224046191
3.05240185434
3.05251841689
3.05258830789
3.05260992927
3.05258193193
3.05250322039
3.05237295687
3.05219056483
3.05195573189
3.05166841233
3.05132882901
3.05093747482
3.05049511342
3.05000277953
3.04946177833
3.04887368416
3.04824033831
3.04756384574
3.04684657071
3.04609113112
3.04530039142
3.04447745412
3.04362564948
3.04274852363
3.04184982477
3.04093348748
3.04000361506
3.03906445996
3.03812040222
3.03717592596
3.03623559409
3.03530402129
3.03438584542
3.03348569755
3.03260817085
3.03175778868
3.03093897193
3.03015600629
3.02941300948
3.02871389892
3.02806236035
3.02746181749
3.02691540341
3.02642593375
3.02599588232
3.02562735928
